2
10 5 28
3 3 796 1
7 2 798 2
2 6 622 1
3 5 179 3
7 8 888 4
5 8 634 3
1 8 646 1
3 7 433 4
6 7 416 1
2 7 651 3
6 4 476 2
5 6 712 4
1 7 869 4
6 1 789 2
8 8 585 3
7 6 426 1
1 5 154 2
1 2 692 1
2 4 549 3
2 1 60 2
4 8 996 4
8 2 437 2
3 6 195 2
1 3 734 4
3 8 355 2
1 1 945 1
2 5 558 2
7 7 144 2
10 22 44
2 2 963 1
8 4 635 4
4 1 938 4
8 7 511 3
6 8 825 4
6 7 934 3
3 7 701 4
2 7 534 2
5 2 705 1
3 5 300 2
6 2 855 4
7 7 877 4
1 7 443 1
1 2 313 1
3 3 932 2
1 8 831 2
1 1 90 2
2 6 145 3
2 3 740 4
5 3 759 4
1 6 181 1
8 6 608 4
5 6 556 2
2 4 541 4
2 1 174 2
6 1 601 1
7 5 84 4
4 3 970 3
8 8 503 1
3 4 171 3
5 7 913 4
8 1 232 3
7 6 539 4
3 8 648 1
8 2 944 2
2 5 508 2
5 1 87 1
5 8 88 4
2 8 681 2
1 5 758 2
3 1 690 3
6 4 620 3
5 4 783 1
6 6 748 1